/Users/chongshen/PyEnv/py3nlp/bin/python3.7 /Users/chongshen/PycharmProjects/NLU/uebung7/programmieraufgabe1/test4.py
M= 74609 	N= 24
Initial probability matrix 
P_init: tensor([4.1290e-02, 9.2159e-01, 1.0125e-02, 4.1665e-15, 1.7666e-02, 4.1665e-15,
        1.7083e-03, 1.9583e-03, 4.5415e-03, 4.1665e-15, 4.1665e-15, 2.0832e-04,
        4.1665e-15, 7.0830e-04, 4.1665e-15, 8.3330e-05, 4.1665e-05, 4.1665e-05,
        4.1665e-15, 4.1665e-15, 4.1665e-05, 4.1665e-15, 4.1665e-15, 4.1665e-15]) 24


Transition probability matrix 
P_trans: tensor([[8.8718e-15, 8.4930e-01, 6.3384e-30, 1.5070e-01, 1.4013e-45, 5.2820e-31,
         5.2820e-31, 5.2820e-31, 1.6195e-41, 5.2820e-31, 5.2820e-31, 5.2820e-31,
         5.2820e-31, 5.2820e-31, 5.2820e-31, 3.5321e-18, 5.2820e-31, 5.2820e-31,
         5.2820e-31, 5.2820e-31, 5.2820e-31, 5.2820e-31, 5.2820e-31, 5.2820e-31],
        [6.5039e-07, 9.8186e-01, 5.2492e-26, 5.2387e-36, 1.7612e-11, 5.2387e-36,
         2.7902e-04, 4.1692e-19, 1.7857e-02, 5.2387e-36, 5.2387e-36, 1.6172e-24,
         5.2387e-36, 1.0583e-38, 5.2387e-36, 8.3358e-31, 8.9057e-35, 1.6172e-25,
         5.2387e-36, 5.2387e-36, 8.3358e-31, 5.2387e-36, 5.2387e-36, 5.2387e-36],
        [9.1273e-18, 3.9879e-01, 1.4672e-32, 1.2677e-29, 8.4118e-24, 6.0121e-01,
         1.2677e-29, 1.8838e-17, 5.8415e-26, 1.2677e-29, 1.2677e-29, 6.5104e-14,
         1.2677e-29, 1.2677e-29, 1.2677e-29, 1.2677e-29, 1.2677e-29, 1.2677e-29,
         1.2677e-29, 1.2677e-29, 1.2677e-29, 1.2677e-29, 1.2677e-29, 1.2677e-29],
        [1.4013e-45, 4.9969e-01, 2.3476e-32, 3.3365e-01, 1.7278e-42, 3.3490e-17,
         3.3490e-17, 2.0833e-12, 1.6667e-01, 3.3490e-17, 3.3490e-17, 7.7887e-26,
         3.3490e-17, 4.3270e-28, 3.3490e-17, 3.3490e-17, 3.3490e-17, 3.6434e-44,
         3.3490e-17, 3.3490e-17, 3.3490e-17, 3.3490e-17, 3.3490e-17, 3.3490e-17],
        [1.2559e-18, 9.7857e-01, 5.6066e-21, 3.5041e-22, 5.0235e-18, 3.5041e-22,
         2.5117e-17, 2.5223e-44, 2.2426e-20, 3.5041e-22, 3.5041e-22, 1.8084e-15,
         3.5041e-22, 3.5041e-22, 2.1430e-02, 5.5696e-29, 3.5041e-22, 3.5041e-22,
         3.5041e-22, 3.5041e-22, 3.5041e-22, 3.5041e-22, 3.5041e-22, 3.5041e-22],
        [9.0422e-16, 8.4675e-01, 1.2170e-19, 8.1513e-36, 2.5271e-40, 1.5325e-01,
         8.1513e-36, 8.5169e-24, 6.0849e-30, 8.1513e-36, 8.1513e-36, 8.1513e-36,
         8.1513e-36, 8.1513e-36, 8.1513e-36, 8.1513e-36, 8.1513e-36, 8.1513e-36,
         8.1513e-36, 8.1513e-36, 8.1513e-36, 8.1513e-36, 8.1513e-36, 8.1513e-36],
        [8.8303e-09, 9.9566e-01, 8.6806e-04, 4.5991e-21, 2.8203e-21, 4.5991e-21,
         4.5991e-21, 2.0833e-12, 3.4722e-03, 4.5991e-21, 1.1454e-40, 4.5991e-21,
         4.5991e-21, 2.2562e-30, 4.5991e-21, 4.5991e-21, 4.5991e-21, 1.4440e-28,
         4.5991e-21, 4.5991e-21, 1.6635e-15, 4.5991e-21, 4.5991e-21, 4.5991e-21],
        [4.8835e-03, 9.9512e-01, 1.0348e-10, 1.4035e-25, 4.6785e-26, 1.4035e-25,
         1.4035e-25, 1.4035e-25, 1.1696e-26, 1.4035e-25, 1.4035e-25, 1.4035e-25,
         3.1044e-10, 1.4035e-25, 1.4035e-25, 1.4035e-25, 1.4035e-25, 1.4035e-25,
         1.4035e-25, 1.4035e-25, 1.4035e-25, 1.4035e-25, 1.4035e-25, 1.4035e-25],
        [5.0471e-23, 2.4872e-02, 4.3607e-20, 4.3727e-40, 1.7361e-13, 4.3727e-40,
         1.0000e-10, 4.3727e-40, 3.8687e-34, 9.7513e-01, 4.3727e-40, 4.3727e-40,
         4.3727e-40, 6.0732e-42, 4.3727e-40, 4.3727e-40, 4.3727e-40, 4.3727e-40,
         4.3727e-40, 4.3727e-40, 4.3727e-40, 4.3727e-40, 4.3727e-40, 4.3727e-40],
        [7.8577e-29, 1.8519e-01, 2.5000e-12, 1.0000e-10, 1.0000e-10, 1.0000e-10,
         1.0000e-10, 1.0000e-10, 8.7308e-30, 8.1481e-01, 1.0000e-10, 1.0000e-10,
         1.0000e-10, 1.0000e-10, 1.0000e-10, 1.0000e-10, 1.0000e-10, 1.0000e-10,
         1.0000e-10, 1.0000e-10, 1.0000e-10, 1.0000e-10, 1.0000e-10, 1.0000e-10],
        [1.8838e-07, 9.8336e-01, 1.8838e-07, 1.8838e-07, 5.2085e-03, 1.8838e-07,
         1.8838e-07, 1.8838e-07, 1.8838e-07, 1.8838e-07, 1.1430e-02, 1.8838e-07,
         1.8838e-07, 1.8838e-07, 1.8838e-07, 1.8838e-07, 1.8838e-07, 1.8838e-07,
         1.8838e-07, 1.8838e-07, 1.8838e-07, 1.8838e-07, 1.8838e-07, 1.8838e-07],
        [3.8073e-20, 1.0000e+00, 9.1982e-21, 9.1982e-21, 7.7461e-25, 9.1982e-21,
         9.1982e-21, 9.1982e-21, 2.8071e-15, 9.1982e-21, 9.1982e-21, 1.9569e-38,
         9.1982e-21, 9.1982e-21, 9.1982e-21, 9.1982e-21, 9.1982e-21, 9.1982e-21,
         9.1982e-21, 9.1982e-21, 9.1982e-21, 9.0002e-14, 9.1982e-21, 9.1982e-21],
        [7.2840e-05, 8.3296e-01, 5.0235e-07, 5.0235e-07, 5.0235e-07, 5.0235e-07,
         5.0235e-07, 5.0235e-07, 5.0235e-07, 5.0235e-07, 5.0235e-07, 5.0235e-07,
         1.6696e-01, 5.0235e-07, 5.0235e-07, 5.0235e-07, 5.0235e-07, 5.0235e-07,
         5.0235e-07, 5.0235e-07, 5.0235e-07, 5.0235e-07, 5.0235e-07, 5.0235e-07],
        [3.5309e-02, 9.6468e-01, 4.9536e-38, 1.5625e-12, 1.5259e-05, 1.5625e-12,
         1.5625e-12, 1.5625e-12, 6.2088e-10, 1.5625e-12, 1.5625e-12, 1.5625e-12,
         1.5625e-12, 1.5625e-12, 1.5625e-12, 1.5625e-12, 1.5625e-12, 1.5625e-12,
         1.5625e-12, 1.5625e-12, 1.5625e-12, 1.5625e-12, 9.9341e-19, 1.5625e-12],
        [1.2736e-35, 9.9784e-01, 8.9306e-17, 8.9306e-17, 8.5311e-42, 8.9306e-17,
         8.9306e-17, 8.9306e-17, 8.9306e-17, 8.9306e-17, 8.9306e-17, 8.9306e-17,
         8.9306e-17, 8.9306e-17, 2.1596e-03, 8.9306e-17, 8.9306e-17, 8.9306e-17,
         8.9306e-17, 8.9306e-17, 8.9306e-17, 8.9306e-17, 8.9306e-17, 8.9306e-17],
        [9.5184e-31, 9.9956e-01, 3.5321e-08, 9.5184e-31, 4.8869e-38, 9.5184e-31,
         1.1771e-43, 9.5184e-31, 1.1303e-06, 9.5184e-31, 9.5184e-31, 9.5184e-31,
         9.5184e-31, 9.5184e-31, 9.5184e-31, 9.5184e-31, 9.5184e-31, 9.5184e-31,
         9.5184e-31, 4.3403e-04, 9.5184e-31, 9.5184e-31, 9.5184e-31, 9.5184e-31],
        [7.6147e-20, 9.9219e-01, 7.6147e-20, 7.6147e-20, 4.1392e-10, 7.6147e-20,
         7.6147e-20, 7.6147e-20, 7.8125e-03, 7.6147e-20, 7.6147e-20, 7.6147e-20,
         7.6147e-20, 7.6147e-20, 7.6147e-20, 7.6147e-20, 7.6147e-20, 7.6147e-20,
         7.6147e-20, 7.6147e-20, 7.6147e-20, 7.6147e-20, 7.6147e-20, 3.7429e-15],
        [2.0211e-13, 8.7484e-01, 1.2500e-01, 3.2338e-22, 8.6569e-33, 3.2338e-22,
         3.2338e-22, 1.3526e-34, 5.4106e-34, 3.2338e-22, 3.2338e-22, 3.2338e-22,
         3.2338e-22, 3.2338e-22, 3.2338e-22, 3.2338e-22, 3.2338e-22, 3.2338e-22,
         1.6276e-04, 3.2338e-22, 3.2338e-22, 3.2338e-22, 3.2338e-22, 3.2338e-22],
        [1.8838e-07, 8.5235e-01, 1.8838e-07, 1.8838e-07, 1.8838e-07, 1.8838e-07,
         1.8838e-07, 1.8838e-07, 1.8838e-07, 1.8838e-07, 1.8838e-07, 1.8838e-07,
         1.8838e-07, 1.8838e-07, 1.8838e-07, 1.8838e-07, 1.8838e-07, 1.8838e-07,
         1.4764e-01, 1.8838e-07, 1.8838e-07, 1.8838e-07, 1.8838e-07, 1.8838e-07],
        [1.0417e-02, 7.6042e-01, 1.0417e-02, 1.0417e-02, 1.0417e-02, 1.0417e-02,
         1.0417e-02, 1.0417e-02, 1.0417e-02, 1.0417e-02, 1.0417e-02, 1.0417e-02,
         1.0417e-02, 1.0417e-02, 1.0417e-02, 1.0417e-02, 1.0417e-02, 1.0417e-02,
         1.0417e-02, 1.0417e-02, 1.0417e-02, 1.0417e-02, 1.0417e-02, 1.0417e-02],
        [5.0000e-01, 4.9739e-01, 2.6105e-03, 3.3685e-14, 3.3685e-14, 3.3685e-14,
         3.3685e-14, 1.5895e-07, 3.3685e-14, 3.3685e-14, 3.3685e-14, 3.3685e-14,
         3.3685e-14, 3.3685e-14, 3.3685e-14, 3.3685e-14, 3.3685e-14, 3.3685e-14,
         3.3685e-14, 3.3685e-14, 3.3685e-14, 3.3685e-14, 3.3685e-14, 3.3685e-14],
        [6.5104e-04, 9.8503e-01, 6.5104e-04, 6.5104e-04, 6.5104e-04, 6.5104e-04,
         6.5104e-04, 6.5104e-04, 6.5104e-04, 6.5104e-04, 6.5104e-04, 6.5104e-04,
         6.5104e-04, 6.5104e-04, 6.5104e-04, 6.5104e-04, 6.5104e-04, 6.5104e-04,
         6.5104e-04, 6.5104e-04, 6.5104e-04, 6.5104e-04, 6.5104e-04, 6.5104e-04],
        [2.0833e-02, 5.2083e-01, 2.0833e-02, 2.0833e-02, 2.0833e-02, 2.0833e-02,
         2.0833e-02, 2.0833e-02, 2.0833e-02, 2.0833e-02, 2.0833e-02, 2.0833e-02,
         2.0833e-02, 2.0833e-02, 2.0833e-02, 2.0833e-02, 2.0833e-02, 2.0833e-02,
         2.0833e-02, 2.0833e-02, 2.0833e-02, 2.0833e-02, 2.0833e-02, 2.0833e-02],
        [2.0833e-02, 5.2083e-01, 2.0833e-02, 2.0833e-02, 2.0833e-02, 2.0833e-02,
         2.0833e-02, 2.0833e-02, 2.0833e-02, 2.0833e-02, 2.0833e-02, 2.0833e-02,
         2.0833e-02, 2.0833e-02, 2.0833e-02, 2.0833e-02, 2.0833e-02, 2.0833e-02,
         2.0833e-02, 2.0833e-02, 2.0833e-02, 2.0833e-02, 2.0833e-02, 2.0833e-02]]) 24


Observation probability matrix 
P_observ: tensor([[1.3023e-04, 1.3023e-14, 1.3023e-14,  ..., 1.3023e-14, 1.3023e-14,
         1.3023e-14],
        [2.4345e-16, 8.3016e-04, 6.2932e-03,  ..., 2.4345e-16, 2.4345e-16,
         2.4345e-16],
        [1.9026e-14, 1.9026e-14, 1.9026e-14,  ..., 1.9026e-14, 1.9026e-14,
         1.9026e-14],
        ...,
        [1.6667e-11, 1.6667e-11, 1.6667e-11,  ..., 1.6667e-11, 1.6667e-11,
         1.6667e-11],
        [9.9999e-11, 9.9999e-11, 9.9999e-11,  ..., 9.9999e-11, 9.9999e-11,
         9.9999e-11],
        [9.9999e-11, 9.9999e-11, 9.9999e-11,  ..., 9.9999e-11, 9.9999e-11,
         9.9999e-11]]) 24


TOP10_DICT: {
'B-PER': [('Peter', 0.0075530665926635265), ('Michael', 0.007422841619700193), ('Thomas', 0.0071623907424509525), ('John', 0.004948561079800129), ('Christian', 0.004688110202550888), ('Franz', 0.004688110202550888), ('Wolfgang', 0.004557885229587555), ('Friedrich', 0.0044276597909629345), ('Klaus', 0.00390675850212574), ('von', 0.00390675850212574)], 

'O': [('.', 0.05852523073554039), (',', 0.04357500374317169), ('der', 0.03094485215842724), ('die', 0.02570338547229767), ('und', 0.022114941850304604), ('in', 0.016301371157169342), ('den', 0.010896794497966766), ('von', 0.010108018293976784), ('"', 0.00941175315529108), ('mit', 0.00859863217920065)], 

'B-ORG': [('SPD', 0.013127854093909264), ('dpa', 0.0125570772215724), ('CDU', 0.011605784296989441), ('Deutschen', 0.009703196585178375), ('FC', 0.008751902729272842), ('Deutsche', 0.008561643771827221), ('Universität', 0.007990867830812931), ('Union', 0.0066590565256774426), ('EU', 0.00570776266977191), ('Yahoo', 0.004566209856420755)], 

'I-PER': [('von', 0.026497438549995422), ('II.', 0.009797372855246067), ('de', 0.009129369631409645), ('.', 0.008906702511012554), ('I.', 0.0062346914783120155), ('Merkel', 0.005789356306195259), (',', 0.004453351255506277), ('van', 0.002672010799869895), ('Müller', 0.002672010799869895), ('Fischer', 0.002672010799869895)], 

'B-LOC': [('Deutschland', 0.027415458112955093), ('Berlin', 0.01968599110841751), ('USA', 0.01485507283359766), ('Frankreich', 0.009541062638163567), ('Europa', 0.008937197737395763), ('Schweiz', 0.008212560787796974), ('München', 0.00748792290687561), ('Österreich', 0.00736714992672205), ('Wien', 0.006159420125186443), ('Hamburg', 0.005676328670233488)], 

'I-ORG': [('für', 0.02201007679104805), ('und', 0.015380535274744034), ('&', 0.012728719040751457), ('AG', 0.01193317398428917), ('der', 0.011402810923755169), ('Zeitung', 0.009016175754368305), ('of', 0.008750994689762592), ('GmbH', 0.008485812693834305), ('Bank', 0.007425086107105017), ('Verlag', 0.0071599045768380165)], 

'B-LOCderiv': [('deutschen', 0.05949412286281586), ('deutsche', 0.03526896983385086), ('Berliner', 0.019950125366449356), ('Schweizer', 0.01638760231435299), ('Deutschen', 0.016031350940465927), ('europäischen', 0.014250089414417744), ('britischen', 0.012112575583159924), ('spanischen', 0.010331314988434315), ('amerikanischen', 0.010331314988434315), ('französischen', 0.009618810378015041)], 

'B-ORGpart': [('Bundestagswahl', 0.011180124245584011), ('UN-Generalsekretär', 0.007453416008502245), ('EU-Kommission', 0.007453416008502245), ('EU-Staaten', 0.006211180239915848), ('SPD-Fraktion', 0.004968944005668163), ('Olympiasieger', 0.004968944005668163), ('CDU-Politiker', 0.004968944005668163), ('CDU-Chefin', 0.0037267080042511225), ('SPD-Chef', 0.0037267080042511225), ('Grünen-Vorsitzende', 0.0037267080042511225)], 

'B-OTH': [('Euro', 0.10743801295757294), ('Dollar', 0.032066114246845245), ('Die', 0.020826445892453194), ('Zweiten', 0.017190081998705864), ('Der', 0.012561983428895473), ('The', 0.012231404893100262), ('Das', 0.009256198070943356), ('Franken', 0.007933883927762508), ('USD', 0.007933883927762508), ('Ersten', 0.007272727321833372)], 

'I-OTH': [('der', 0.02765108272433281), ('und', 0.025370581075549126), ('des', 0.01624857448041439), ('Weltkrieg', 0.015678448602557182), (',', 0.012827822007238865), ('in', 0.011402508243918419), (':', 0.009692132472991943), ('of', 0.00940706953406334), ('von', 0.009122006595134735), ('im', 0.007696693297475576)], 

'I-LOCderiv': [('Yorker', 0.6842103004455566), ('Galler', 0.15789468586444855), ('.', 0.15789468586444855), ('Freitag', 5.263156230284061e-12), ('dem', 5.263156230284061e-12), ('vom', 5.263156230284061e-12), ('Tagesspiegel', 5.263156230284061e-12), ('sei', 5.263156230284061e-12), ('Fischer', 5.263156230284061e-12), ('Schartau', 5.263156230284061e-12)], 

'B-PERpart': [('Dieselmotoren', 0.010869565419852734), ('Hartz-Reform', 0.010869565419852734), ('evangelisch-lutherisch', 0.010869565419852734), ('Andreaskreuz', 0.010869565419852734), ('David', 0.005434782709926367), ('Dieselmotors', 0.005434782709926367), ('Gemmel/Hoffmann-Fölkersamb', 0.005434782709926367), ('Ottokraftstoffe', 0.005434782709926367), ('Reuleaux-Dreieck', 0.005434782709926367), ('Neuplatonismus', 0.005434782709926367)], 

'I-ORGpart': [('Stadion', 0.055555544793605804), ('Schweiz', 0.055555544793605804), ('Genossenschaft', 0.055555544793605804), ('Gespräch', 0.055555544793605804), ('34', 0.055555544793605804), ('de', 0.055555544793605804), ('Geheimdienstmitarbeiter', 0.055555544793605804), ('Bühne', 0.055555544793605804), ('von', 0.055555544793605804), ('88', 0.055555544793605804)], 

'B-LOCpart': [('US-Präsident', 0.02144249528646469), ('US-Soldaten', 0.013645224273204803), ('US-Regierung', 0.011695906519889832), ('Europameisterschaft', 0.00974658876657486), ('US-Bundesstaaten', 0.007797271013259888), ('US-Autobauer', 0.007797271013259888), ('Europameister', 0.005847953259944916), ('US-Botschafter', 0.005847953259944916), ('europaweit', 0.005847953259944916), ('US-Markt', 0.005847953259944916)], 

'I-LOC': [('.', 0.03849443793296814), ('York', 0.02566296048462391), ('Straße', 0.024807527661323547), ('de', 0.023096663877367973), ('am', 0.0213858000934124), ('Staaten', 0.01796407252550125), ('Main', 0.012831480242311954), ('County', 0.011120615527033806), ('der', 0.011120615527033806), ('Angeles', 0.010265183635056019)], 

'B-OTHderiv': [('deutsch', 0.06779661029577255), ('englisch', 0.055084746330976486), ('barocke', 0.029661016538739204), ('gotische', 0.029661016538739204), ('mittelalterliche', 0.025423727929592133), ('deutscher', 0.02118644118309021), ('engl', 0.02118644118309021), ('lateinische', 0.02118644118309021), ('lateinischen', 0.02118644118309021), ('romanischen', 0.02118644118309021)], 

'B-PERderiv': [('°C', 0.09677419066429138), ('Buddhismus', 0.04838709533214569), ('Celsius', 0.032258063554763794), ('Diesel', 0.016129031777381897), ('Kochschem', 0.016129031777381897), ('ludgerianische', 0.016129031777381897), ('Marxismus', 0.016129031777381897), ('christlichen', 0.016129031777381897), ('Benediktiner', 0.016129031777381897), ("Kepler'schen", 0.016129031777381897)], 

'B-OTHpart': [('deutschsprachigen', 0.03684210404753685), ('Eurozone', 0.031578946858644485), ('Ein-Euro-Jobs', 0.015789473429322243), ('englischsprachigen', 0.015789473429322243), ('deutschsprachige', 0.015789473429322243), ('Lateintänze', 0.010526316240429878), ('Sojus-Raumschiff', 0.010526316240429878), ('Euroraum', 0.010526316240429878), ('ITM-Koordinaten', 0.010526316240429878), ('Dow-Jones-Index', 0.010526316240429878)], 

'I-OTHpart': [('Manager-Reihe', 0.049999985843896866), ('V-Panzern', 0.049999985843896866), ('D.-Jagdflugzeugen', 0.049999985843896866), ('P-500-Index', 0.049999985843896866), ('OS', 0.049999985843896866), ('Jones-Verluste', 0.049999985843896866), ('API', 0.049999985843896866), ('to', 0.049999985843896866), ('the', 0.049999985843896866), ('&', 0.049999985843896866)], 

'I-OTHderiv': [('.', 0.9999992847442627), ('vom', 1.1111103356831187e-11), ('dem', 1.1111103356831187e-11), ('Freitag', 1.1111103356831187e-11), ('sei', 1.1111103356831187e-11), ('Tagesspiegel', 1.1111103356831187e-11), ('Fischer', 1.1111103356831187e-11), ('Schartau', 1.1111103356831187e-11), ('sagte', 1.1111103356831187e-11), ('"', 1.1111103356831187e-11)], 

'B-ORGderiv': [('Bundesligisten', 0.09756097197532654), ('olympischen', 0.0731707289814949), ('Grünen', 0.04878048598766327), ('Olympische', 0.04878048598766327), ('Schalker', 0.024390242993831635), ('grüne', 0.024390242993831635), ('sowjetischen', 0.024390242993831635), ('keltischen', 0.024390242993831635), ('Ivanovcen', 0.024390242993831635), ('Republikaner', 0.024390242993831635)], 

'I-PERpart': [('Mouse-Version', 0.16666647791862488), ('Kumm/DPA', 0.16666647791862488), ('JungSingt', 0.16666647791862488), ('Hecker/DAPD', 0.16666647791862488), ('Jensen-Adventure', 0.16666647791862488), ('Hilfe', 0.16666647791862488), ('Freitag', 1.6666648963714614e-11), ('dem', 1.6666648963714614e-11), ('vom', 1.6666648963714614e-11), ('Tagesspiegel', 1.6666648963714614e-11)], 

'I-LOCpart': [('shan-Gebirge', 0.9999926090240479), ('vom', 9.999925887349548e-11), ('dem', 9.999925887349548e-11), ('Freitag', 9.999925887349548e-11), ('sei', 9.999925887349548e-11), ('Tagesspiegel', 9.999925887349548e-11), ('Fischer', 9.999925887349548e-11), ('Schartau', 9.999925887349548e-11), ('sagte', 9.999925887349548e-11), ('"', 9.999925887349548e-11)], 

'I-PERderiv': [("'schen", 0.9999924898147583), ('vom', 9.999925193460157e-11), ('dem', 9.999925193460157e-11), ('Freitag', 9.999925193460157e-11), ('sei', 9.999925193460157e-11), ('Tagesspiegel', 9.999925193460157e-11), ('Fischer', 9.999925193460157e-11), ('Schartau', 9.999925193460157e-11), ('sagte', 9.999925193460157e-11), ('"', 9.999925193460157e-11)]} 24
consumed time: 153.36131501197815

Process finished with exit code 0
