/Users/chongshen/PyEnv/py3nlp/bin/python3.7 /Users/chongshen/PycharmProjects/NLU/uebung7/programmieraufgabe1/test3.py
M= 74609 	N= 24
Initial probability vector 
P_init: tensor([9.2159e-01, 4.1665e-05, 4.1665e-15, 4.1665e-15, 4.1665e-15, 7.0830e-04,
        4.1665e-05, 4.1665e-15, 8.3330e-05, 4.1665e-15, 4.1665e-15, 4.1665e-15,
        4.1665e-05, 4.1665e-15, 1.0125e-02, 4.5415e-03, 4.1665e-15, 2.0832e-04,
        1.9583e-03, 4.1665e-15, 1.7083e-03, 1.7666e-02, 4.1290e-02, 4.1665e-15])


Transition probability matrix 
P_trans: tensor([[9.8186e-01, 8.9057e-35, 5.2387e-36, 5.2387e-36, 5.2387e-36, 1.0583e-38,
         8.3358e-31, 5.2387e-36, 8.3358e-31, 5.2387e-36, 5.2387e-36, 5.2387e-36,
         1.1552e-26, 5.2387e-36, 5.2492e-26, 1.7857e-02, 5.2387e-36, 1.6172e-24,
         4.1692e-19, 5.2387e-36, 2.7902e-04, 1.7612e-11, 6.5039e-07, 5.2387e-36],
        [9.9219e-01, 7.6147e-20, 7.6147e-20, 7.6147e-20, 7.6147e-20, 7.6147e-20,
         7.6147e-20, 7.6147e-20, 7.6147e-20, 3.7429e-15, 7.6147e-20, 7.6147e-20,
         7.6147e-20, 7.6147e-20, 7.6147e-20, 7.8125e-03, 7.6147e-20, 7.6147e-20,
         7.6147e-20, 7.6147e-20, 7.6147e-20, 4.1392e-10, 7.6147e-20, 7.6147e-20],
        [5.2083e-01, 2.0833e-02, 2.0833e-02, 2.0833e-02, 2.0833e-02, 2.0833e-02,
         2.0833e-02, 2.0833e-02, 2.0833e-02, 2.0833e-02, 2.0833e-02, 2.0833e-02,
         2.0833e-02, 2.0833e-02, 2.0833e-02, 2.0833e-02, 2.0833e-02, 2.0833e-02,
         2.0833e-02, 2.0833e-02, 2.0833e-02, 2.0833e-02, 2.0833e-02, 2.0833e-02],
        [7.6042e-01, 1.0417e-02, 1.0417e-02, 1.0417e-02, 1.0417e-02, 1.0417e-02,
         1.0417e-02, 1.0417e-02, 1.0417e-02, 1.0417e-02, 1.0417e-02, 1.0417e-02,
         1.0417e-02, 1.0417e-02, 1.0417e-02, 1.0417e-02, 1.0417e-02, 1.0417e-02,
         1.0417e-02, 1.0417e-02, 1.0417e-02, 1.0417e-02, 1.0417e-02, 1.0417e-02],
        [8.3296e-01, 5.0235e-07, 5.0235e-07, 5.0235e-07, 1.6696e-01, 5.0235e-07,
         5.0235e-07, 5.0235e-07, 5.0235e-07, 5.0235e-07, 5.0235e-07, 5.0235e-07,
         5.0235e-07, 5.0235e-07, 5.0235e-07, 5.0235e-07, 5.0235e-07, 5.0235e-07,
         5.0235e-07, 5.0235e-07, 5.0235e-07, 5.0235e-07, 7.2840e-05, 5.0235e-07],
        [9.6468e-01, 7.8125e-13, 9.9341e-19, 7.8125e-13, 7.8125e-13, 7.8125e-13,
         7.8125e-13, 7.8125e-13, 7.8125e-13, 7.8125e-13, 7.8125e-13, 7.8125e-13,
         7.8125e-13, 7.8125e-13, 4.9536e-38, 6.2088e-10, 7.8125e-13, 7.8125e-13,
         7.8125e-13, 7.8125e-13, 7.8125e-13, 1.5259e-05, 3.5309e-02, 7.8125e-13],
        [4.9739e-01, 3.3685e-14, 3.3685e-14, 3.3685e-14, 3.3685e-14, 3.3685e-14,
         3.3685e-14, 3.3685e-14, 3.3685e-14, 3.3685e-14, 3.3685e-14, 3.3685e-14,
         3.3685e-14, 3.3685e-14, 2.6105e-03, 3.3685e-14, 3.3685e-14, 3.3685e-14,
         1.5895e-07, 3.3685e-14, 3.3685e-14, 3.3685e-14, 5.0000e-01, 3.3685e-14],
        [4.9969e-01, 3.3490e-17, 3.3490e-17, 3.3490e-17, 3.3490e-17, 4.3270e-28,
         3.3490e-17, 3.3365e-01, 3.3490e-17, 3.3490e-17, 3.3490e-17, 3.3490e-17,
         3.6434e-44, 3.3490e-17, 2.3476e-32, 1.6667e-01, 3.3490e-17, 7.7887e-26,
         2.0833e-12, 3.3490e-17, 3.3490e-17, 1.7278e-42, 1.4013e-45, 3.3490e-17],
        [9.9956e-01, 9.5184e-31, 9.5184e-31, 4.3403e-04, 9.5184e-31, 9.5184e-31,
         9.5184e-31, 9.5184e-31, 9.5184e-31, 9.5184e-31, 9.5184e-31, 9.5184e-31,
         9.5184e-31, 9.5184e-31, 3.5321e-08, 1.1303e-06, 9.5184e-31, 9.5184e-31,
         9.5184e-31, 9.5184e-31, 1.1771e-43, 4.8869e-38, 9.5184e-31, 9.5184e-31],
        [5.2083e-01, 2.0833e-02, 2.0833e-02, 2.0833e-02, 2.0833e-02, 2.0833e-02,
         2.0833e-02, 2.0833e-02, 2.0833e-02, 2.0833e-02, 2.0833e-02, 2.0833e-02,
         2.0833e-02, 2.0833e-02, 2.0833e-02, 2.0833e-02, 2.0833e-02, 2.0833e-02,
         2.0833e-02, 2.0833e-02, 2.0833e-02, 2.0833e-02, 2.0833e-02, 2.0833e-02],
        [8.4675e-01, 8.1513e-36, 8.1513e-36, 8.1513e-36, 8.1513e-36, 8.1513e-36,
         8.1513e-36, 8.1513e-36, 8.1513e-36, 8.1513e-36, 1.5325e-01, 8.1513e-36,
         8.1513e-36, 8.1513e-36, 1.2170e-19, 6.0849e-30, 8.1513e-36, 8.1513e-36,
         8.5169e-24, 8.1513e-36, 8.1513e-36, 2.5271e-40, 9.0422e-16, 8.1513e-36],
        [1.8519e-01, 1.0000e-10, 1.0000e-10, 1.0000e-10, 1.0000e-10, 1.0000e-10,
         1.0000e-10, 1.0000e-10, 1.0000e-10, 1.0000e-10, 1.0000e-10, 8.1481e-01,
         1.0000e-10, 1.0000e-10, 2.5000e-12, 8.7308e-30, 1.0000e-10, 1.0000e-10,
         1.0000e-10, 1.0000e-10, 1.0000e-10, 1.0000e-10, 7.8577e-29, 1.0000e-10],
        [8.7484e-01, 3.2338e-22, 3.2338e-22, 3.2338e-22, 3.2338e-22, 3.2338e-22,
         3.2338e-22, 3.2338e-22, 3.2338e-22, 3.2338e-22, 3.2338e-22, 3.2338e-22,
         3.2338e-22, 3.2338e-22, 1.2500e-01, 5.4106e-34, 3.2338e-22, 3.2338e-22,
         1.3526e-34, 1.6276e-04, 3.2338e-22, 8.6569e-33, 2.0211e-13, 3.2338e-22],
        [9.8336e-01, 1.8838e-07, 1.8838e-07, 1.8838e-07, 1.8838e-07, 1.8838e-07,
         1.8838e-07, 1.8838e-07, 1.8838e-07, 1.8838e-07, 1.8838e-07, 1.8838e-07,
         1.8838e-07, 1.1430e-02, 1.8838e-07, 1.8838e-07, 1.8838e-07, 1.8838e-07,
         1.8838e-07, 1.8838e-07, 1.8838e-07, 5.2085e-03, 1.8838e-07, 1.8838e-07],
        [3.9879e-01, 1.2677e-29, 1.2677e-29, 1.2677e-29, 1.2677e-29, 1.2677e-29,
         1.2677e-29, 1.2677e-29, 1.2677e-29, 1.2677e-29, 6.0121e-01, 1.2677e-29,
         1.2677e-29, 1.2677e-29, 1.4672e-32, 5.8415e-26, 1.2677e-29, 6.5104e-14,
         1.8838e-17, 1.2677e-29, 1.2677e-29, 8.4118e-24, 9.1273e-18, 1.2677e-29],
        [2.4872e-02, 4.3727e-40, 4.3727e-40, 4.3727e-40, 4.3727e-40, 9.5288e-44,
         4.3727e-40, 4.3727e-40, 4.3727e-40, 4.3727e-40, 4.3727e-40, 9.7513e-01,
         4.3727e-40, 4.3727e-40, 4.3607e-20, 3.8687e-34, 4.3727e-40, 4.3727e-40,
         4.3727e-40, 4.3727e-40, 1.0000e-10, 1.7361e-13, 5.0471e-23, 4.3727e-40],
        [9.8503e-01, 6.5104e-04, 6.5104e-04, 6.5104e-04, 6.5104e-04, 6.5104e-04,
         6.5104e-04, 6.5104e-04, 6.5104e-04, 6.5104e-04, 6.5104e-04, 6.5104e-04,
         6.5104e-04, 6.5104e-04, 6.5104e-04, 6.5104e-04, 6.5104e-04, 6.5104e-04,
         6.5104e-04, 6.5104e-04, 6.5104e-04, 6.5104e-04, 6.5104e-04, 6.5104e-04],
        [1.0000e+00, 9.1982e-21, 9.1982e-21, 9.1982e-21, 9.1982e-21, 9.1982e-21,
         9.1982e-21, 9.1982e-21, 9.1982e-21, 9.1982e-21, 9.1982e-21, 9.1982e-21,
         9.1982e-21, 9.1982e-21, 9.1982e-21, 2.8071e-15, 9.0002e-14, 1.9569e-38,
         9.1982e-21, 9.1982e-21, 9.1982e-21, 7.7461e-25, 3.8073e-20, 9.1982e-21],
        [9.9512e-01, 2.8071e-25, 2.8071e-25, 2.8071e-25, 3.1044e-10, 2.8071e-25,
         2.8071e-25, 2.8071e-25, 2.8071e-25, 2.8071e-25, 2.8071e-25, 2.8071e-25,
         2.8071e-25, 2.8071e-25, 1.0348e-10, 1.1696e-26, 2.8071e-25, 2.8071e-25,
         2.8071e-25, 2.8071e-25, 2.8071e-25, 4.6785e-26, 4.8835e-03, 2.8071e-25],
        [8.5235e-01, 1.8838e-07, 1.8838e-07, 1.8838e-07, 1.8838e-07, 1.8838e-07,
         1.8838e-07, 1.8838e-07, 1.8838e-07, 1.8838e-07, 1.8838e-07, 1.8838e-07,
         1.8838e-07, 1.8838e-07, 1.8838e-07, 1.8838e-07, 1.8838e-07, 1.8838e-07,
         1.8838e-07, 1.4764e-01, 1.8838e-07, 1.8838e-07, 1.8838e-07, 1.8838e-07],
        [9.9566e-01, 4.5991e-21, 4.5991e-21, 4.5991e-21, 4.5991e-21, 2.2562e-30,
         1.6635e-15, 4.5991e-21, 4.5991e-21, 4.5991e-21, 4.5991e-21, 4.5991e-21,
         1.4440e-28, 1.1454e-40, 8.6806e-04, 3.4722e-03, 4.5991e-21, 4.5991e-21,
         2.0833e-12, 4.5991e-21, 4.5991e-21, 2.8203e-21, 8.8303e-09, 4.5991e-21],
        [9.7857e-01, 3.5041e-22, 3.5041e-22, 3.5041e-22, 3.5041e-22, 3.5041e-22,
         3.5041e-22, 3.5041e-22, 5.5696e-29, 3.5041e-22, 3.5041e-22, 3.5041e-22,
         3.5041e-22, 3.5041e-22, 5.6066e-21, 2.2426e-20, 3.5041e-22, 1.8084e-15,
         2.5223e-44, 3.5041e-22, 2.5117e-17, 5.0235e-18, 1.2559e-18, 2.1430e-02],
        [8.4930e-01, 5.2820e-31, 5.2820e-31, 5.2820e-31, 5.2820e-31, 5.2820e-31,
         5.2820e-31, 1.5070e-01, 3.5321e-18, 5.2820e-31, 5.2820e-31, 5.2820e-31,
         5.2820e-31, 5.2820e-31, 6.3384e-30, 1.6195e-41, 5.2820e-31, 5.2820e-31,
         5.2820e-31, 5.2820e-31, 5.2820e-31, 1.4013e-45, 8.8718e-15, 5.2820e-31],
        [9.9784e-01, 8.9306e-17, 8.9306e-17, 8.9306e-17, 8.9306e-17, 8.9306e-17,
         8.9306e-17, 8.9306e-17, 8.9306e-17, 8.9306e-17, 8.9306e-17, 8.9306e-17,
         8.9306e-17, 8.9306e-17, 8.9306e-17, 8.9306e-17, 8.9306e-17, 8.9306e-17,
         8.9306e-17, 8.9306e-17, 8.9306e-17, 8.5311e-42, 1.2736e-35, 2.1596e-03]])


Observation probability matrix 
P_observ: tensor([[5.4406e-27, 5.4406e-27, 5.4406e-27,  ..., 5.4406e-27, 5.4406e-27,
         5.4406e-27],
        [2.4495e-23, 2.4495e-23, 2.4495e-23,  ..., 2.4495e-23, 2.4495e-23,
         2.4495e-23],
        [6.7017e-06, 6.7017e-06, 6.7017e-06,  ..., 6.7017e-06, 6.7017e-06,
         6.7017e-06],
        ...,
        [3.5645e-27, 3.5645e-27, 3.5645e-27,  ..., 3.5645e-27, 3.5645e-27,
         3.5645e-27],
        [2.8523e-29, 1.6816e-43, 2.8523e-29,  ..., 2.8523e-29, 2.8523e-29,
         2.8523e-29],
        [5.1681e-20, 5.1681e-20, 5.1681e-20,  ..., 5.1681e-20, 5.1681e-20,
         5.1681e-20]])


DICTIONARY: {'O': [(',', 0.14194180071353912), ('und', 0.07499998807907104), ('der', 0.06717170774936676), ('.', 0.06694082915782928), ('einer', 0.06666718423366547), ('wieder', 0.06666665524244308), ('will', 0.06666665524244308), ('so', 0.06666665524244308), ('verdienen', 0.06666665524244308), ('auffallen', 0.06666665524244308)], 'B-PERderiv': [('Buddhismus', 0.5), ('Albertiner', 0.25), ('Walramsche', 0.125), ('konstantinischen', 0.0624999962747097), ('Maoisten', 0.03124999813735485), ('Saddamisten', 0.015624999068677425), ('marxistische', 0.00781250186264515), ('Colbertismus', 0.003906250931322575), ('erasmischen', 0.0019531254656612873), ('salomonische', 0.0009765627328306437)], 'I-LOCpart': [('shan-Gebirge', 0.5000227689743042), ('steigend', 6.701687198074069e-06), ('Behrens', 6.701687198074069e-06), ('Antonius-Skulptur', 6.701687198074069e-06), ('Tweaks', 6.701687198074069e-06), ('Buches', 6.701687198074069e-06), ('Chaouch', 6.701687198074069e-06), ('Westschweizer', 6.701687198074069e-06), ('Zacarias', 6.701687198074069e-06), ('Finanztransfer', 6.701687198074069e-06)], 'I-OTHderiv': [('.', 0.9981030821800232), ('steigend', 2.6179554524219384e-08), ('Behrens', 2.6179554524219384e-08), ('Antonius-Skulptur', 2.6179554524219384e-08), ('Tweaks', 2.6179554524219384e-08), ('Buches', 2.6179554524219384e-08), ('Chaouch', 2.6179554524219384e-08), ('Westschweizer', 2.6179554524219384e-08), ('Zacarias', 2.6179554524219384e-08), ('Finanztransfer', 2.6179554524219384e-08)], 'I-ORGpart': [('Bühne', 0.5), ('Pretoria', 0.16666677594184875), ('von', 0.16666677594184875), ('Stadion', 0.08333344012498856), ('-Mitgliedern', 0.04166683927178383), ('-Bewegung', 0.02083360031247139), ('Parteispenden-Affäre', 0.010416866280138493), ('-Gruppe', 0.005208595190197229), ('Geheimdienstmitarbeiter', 0.0026042661629617214), ('AG-Anteil', 0.0013021386694163084)], 'B-LOCpart': [('Nilbogen', 0.5), ('Schwarzmeergebiet', 0.25), ('US-Repräsentantenhauses', 0.125), ('US-Vorratsdaten', 0.0625), ('US-Investor', 0.03125), ('US-Soldaten', 0.015625), ('altpreußischen', 0.0078125), ('US-Präsident', 0.003906250465661287), ('Ceylon-Hutaffe', 0.0019531252328306437), ('Schweizermeistertitel', 0.0009765626164153218)], 'B-ORGderiv': [('Olympiasiegers', 0.5), ('Mavs', 0.25), ('Legos', 0.1250000149011612), ('Olympiasieger', 0.0625000074505806), ('keltischen', 0.0312500037252903), ('keltischer', 0.0104166679084301), ('keltische', 0.0104166679084301), ('flämische', 0.00520833395421505), ('Bundesligisten', 0.0026054533664137125), ('Schalker', 0.0013020834885537624)], 'I-PER': [('I.', 0.3333333432674408), ('Haymanot', 0.3333333432674408), ('Topitsch', 0.1666666716337204), ('Fauntleroy', 0.0833333358168602), ('Bilardo', 0.0416666679084301), ('Barguti', 0.0208333358168602), ('Bez', 0.0104166679084301), ('Díez', 0.00520833395421505), ('Schuster', 0.002604166977107525), ('Box', 0.0008680556784383953)], 'B-OTHderiv': [('italienischen', 0.5), ('neolithische', 0.25), ('englischen', 0.125), ('deutsch', 0.0555928535759449), ('englisch', 0.0416666679084301), ('türkischen', 0.02083333395421505), ('klassizistische', 0.0034722222480922937), ('italienisch', 0.0017361111240461469), ('mittelalterlichen', 0.0008680555620230734), ('gr', 0.0004340277810115367)], 'I-PERderiv': [("'schen", 0.5000173449516296), ('steigend', 6.701579422951909e-06), ('Behrens', 6.701579422951909e-06), ('Antonius-Skulptur', 6.701579422951909e-06), ('Tweaks', 6.701579422951909e-06), ('Buches', 6.701579422951909e-06), ('Chaouch', 6.701579422951909e-06), ('Westschweizer', 6.701579422951909e-06), ('Zacarias', 6.701579422951909e-06), ('Finanztransfer', 6.701579422951909e-06)], 'I-ORG': [('Patent', 0.5), ('Club', 0.25), ('der', 0.0625), ('Revolutionären', 0.0625), ('Linken', 0.0625), ('Mainz-Stadt', 0.02083333395421505), ('Dekanat', 0.02083333395421505), ('t', 0.006944442167878151), ("'", 0.006944442167878151), ('Fail', 0.0034722210839390755)], 'I-OTH': [('Of', 0.09090909361839294), ('The', 0.09090909361839294), ('Smith’s', 0.09090909361839294), ('Tennessee', 0.09090909361839294), ('No.1.', 0.09090909361839294), ('Original', 0.09090909361839294), ('Song', 0.09090909361839294), ('Folio', 0.09090909361839294), ('From', 0.09090909361839294), ('Hills', 0.09090909361839294)], 'B-OTHpart': [('Baht-Zufuhr', 0.5), ('Xbox-360-Headset', 0.25), ('iPhone-Herstellers', 0.125), ('Griechischkenntnisse', 0.0416666679084301), ('Renaissance-Humanisten', 0.0416666679084301), ('Zehn-Euro-Silbermünze', 0.02083333395421505), ('Reformationszeit', 0.010416666977107525), ('Bibelexegese', 0.0052083334885537624), ('Holocaustleugnung', 0.0026041667442768812), ('englischsprechende', 0.0013020833721384406)], 'I-LOCderiv': [('Yorker', 0.9771369695663452), ('Galler', 0.011429480277001858), ('.', 0.011429480277001858), ('Antonius-Skulptur', 6.059620166753987e-11), ('Behrens', 6.059620166753987e-11), ('steigend', 6.059620166753987e-11), ('Buches', 6.059620166753987e-11), ('Tweaks', 6.059620166753987e-11), ('Chaouch', 6.059620166753987e-11), ('Westschweizer', 6.059620166753987e-11)], 'B-ORG': [('Mars', 0.5), ('Migros', 0.25), ('Intel', 0.125), ('Tape', 0.0625), ('Bewegung', 0.02083333395421505), ('MIR', 0.02083333395421505), ('Katholische', 0.010416666977107525), ('c', 0.0052083334885537624), ('KVG', 0.0026041667442768812), ('Senses', 0.0013020833721384406)], 'B-OTH': [('Songs', 0.3333333432674408), ('Arthur', 0.3333333432674408), ('Stalins', 0.1666666716337204), ('3D', 0.0833333358168602), ('AMD', 0.0416666679084301), ('Yuan', 0.02083333395421505), ('Lebensraumorientierte', 0.010416666977107525), ('Allgemeinen', 0.0052083334885537624), ('Crafoord-Preis', 0.0017361111240461469), ('Nobelpreis', 0.0017361111240461469)], 'I-PERpart': [('JungSingt', 0.49998459219932556), ('Mouse-Version', 0.24999316036701202), ('Kumm/DPA', 0.12499725073575974), ('Hilfe', 0.062499601393938065), ('Jensen-Adventure', 0.03125042840838432), ('Hecker/DAPD', 0.01562640629708767), ('Antonius-Skulptur', 2.0943437561982137e-07), ('Behrens', 2.0943437561982137e-07), ('steigend', 2.0943437561982137e-07), ('Buches', 2.0943437561982137e-07)], 'B-PERpart': [('Stresing-Team', 0.5), ('Davidstern', 0.2500000298023224), ('Mersenne-Zahlen', 0.1250000298023224), ('Adenauerrepublik', 0.0625000149011612), ('Ahmadinedschad-Wähler', 0.0312500074505806), ('Mackensen-Klasse', 0.015625005587935448), ('Stalinhäusern', 0.007812502793967724), ('Bacchuskeller', 0.0026041667442768812), ('Bacchusfass', 0.0026041667442768812), ('Beuys-Eiche', 0.0013020833721384406)], 'B-ORGpart': [('Mercedes-Zeichen', 0.5000000596046448), ('Bräurosl-Zelt', 0.2500000298023224), ('Wimbledon-Sieger', 0.1250000149011612), ('OECD-Schnitt', 0.0625000074505806), ('SPD-Chef', 0.0312500037252903), ('Red-Bull-Nachwuchsteam', 0.01562500186264515), ('SPÖ-Obmann', 0.007812500931322575), ('DFB-Präsident', 0.003906250465661287), ('mySchool-Weiterbildungstag', 0.0019531252328306437), ('WDR-Chef', 0.0009765627328306437)], 'I-OTHpart': [('360-Avatare', 0.5), ('Homebrew', 0.2500000596046448), ('the', 0.06250004470348358), ('to', 0.06250004470348358), ('DJ-Compilation', 0.06250004470348358), ('Theft', 0.020833374932408333), ('Auto-Serie', 0.020833374932408333), ('-Bands', 0.010416754521429539), ('360-Blockbuster', 0.005208407528698444), ('-Serie', 0.001736162230372429)], 'B-LOCderiv': [('deutschen', 0.7501084804534912), ('österreichischen', 0.1250000149011612), ('Metzinger', 0.0833333358168602), ('ostfinnische', 0.02083333395421505), ('anglo-ägyptische', 0.0104166679084301), ('schwedischen', 0.0034722222480922937), ('amerikanischen', 0.0034722222480922937), ('europäisch', 0.0017361111240461469), ('englische', 0.0008680555620230734), ('französische', 0.0004340277810115367)], 'B-LOC': [('Saarland', 0.5), ('Tigre', 0.1666666716337204), ('Semien', 0.1666666716337204), ('Mars', 0.0833333358168602), ('Schweiz', 0.0416666716337204), ('Outer', 0.0208333358168602), ('Iran', 0.0104166679084301), ('Erde', 0.005208334419876337), ('Puntigam', 0.0026041667442768812), ('Hannover', 0.0013020833721384406)], 'B-PER': [('Soldan', 0.5), ('Doc', 0.25), ('Tewoflos', 0.0833333283662796), ('Tekle', 0.0833333283662796), ('Ernst', 0.0416666641831398), ('Lord', 0.0138888880610466), ('Cedric', 0.0138888880610466), ('Carlos', 0.006944444961845875), ('Mustafa', 0.0034722224809229374), ('Goller', 0.0017361112404614687)], 'I-LOC': [('Banks', 0.5), ('Halfa', 0.1666666716337204), ('Hamed', 0.1666666716337204), ('Urspring', 0.0833333358168602), ('Mittelgebirges', 0.02083333395421505), ('Berg', 0.02083333395421505), ('vrch', 0.02083333395421505), ('York', 0.010416815988719463), ('Mexicos', 0.0052083334885537624), ('Main', 0.0017361111240461469)]} 24

Process finished with exit code 0
